 Sample Predictions: [[-1.464944    0.5865467 ]
 [ 0.9969537  -0.09542425]
 [-0.6599585  -1.3487791 ]
 [-0.22050433 -0.858652  ]
 [-0.8317621   0.28031325]
 [ 1.7850028  -0.02654628]
 [ 0.32134312  1.2418603 ]
 [-1.4484919  -0.34622777]
 [-0.38908416  0.7947772 ]
 [-1.2714202  -0.5691514 ]]
 Ground Truth: [[-0.56085974  0.9131884 ]
 [ 0.6783134   0.06498358]
 [ 0.26119328  0.89955   ]
 [ 0.8680729  -0.53146154]
 [ 0.8610371   2.0962331 ]
 [-1.5906783   1.4670954 ]
 [-1.5385922  -1.3515564 ]
 [ 0.52910364 -0.12002548]
 [-1.018928    1.1295778 ]
 [ 1.54756    -0.5066382 ]]
